7270,9
7270,9
7270,9
7270,9
7270,9
7270,9
7270,9
7270,9
7270,9
7270,9
7270,9
7270,9
7270,9
7270,9
7270,9
7270,9
7270,9
7270,9
7270,9
7270,9
7270,9
7270,9
7270,9
7270,9
7270,9
7270,9
7270,9
7270,9
7270,9
7270,9
7270,9
7270,9
7270,9
7270,9
7270,9
7270,9
7270,9
7270,9
7270,9
7270,9
7270,9
7270,9
7270,9
7270,9
7270,9
7270,9
7270,9
7270,9
7270,9
7270,9
7270,9
7270,9
7270,9
7270,9
7270,9
7270,9
7270,9
7270,9
7270,9
7270,9
7270,9
7270,9
7270,9
7270,9
7270,9
7270,9
7270,9
7270,9
7270,9
7270,9
7270,9
7270,9
7270,9
7270,9
7270,9
7270,9
7270,9
7270,9
7270,9
7215,9
7205,7
7171,2
7160,2
7164,2
7171,7
7160,4
7170,2
4874,2
731,1
6970,2
7014,7
7022,5
7025,5
7026,7
7029,0
7032,7
7033,7
